1.791614
0.033829
0.034104
0.034136
0.034154
0.034171
0.034189
0.034205
0.034222
0.034240
0.034256
0.034271
0.027728
0.027969
0.027985
0.027998
0.028023
0.028046
0.028060
0.028074
0.028087
0.028101
0.028114
0.028839
0.029085
0.029104
0.029119
0.029132
0.029146
0.029160
0.029174
0.029187
0.029201
0.029214
0.025898
0.026144
0.026165
0.026182
0.026198
0.026214
0.026229
0.026244
0.026259
0.026275
0.026290
0.026209
0.026466
0.026497
0.026514
0.026541
0.026563
0.026579
0.026606
0.026626
0.026643
0.026658
0.025309
0.025540
0.025560
0.025577
0.025594
0.025610
0.025626
0.025642
0.025657
0.025672
0.025688
0.027435
0.027667
0.027685
0.027699
0.027713
0.027726
0.027742
0.027755
0.027768
0.027781
0.027794
0.025388
0.025621
0.025639
0.025654
0.025667
0.025681
0.025694
0.025707
0.025720
0.025733
0.025745
0.025224
0.025436
0.025462
0.025476
0.025490
0.025503
0.025516
0.025528
0.025542
0.025555
0.025568
0.048957
0.049189
0.049207
0.049221
0.049234
0.049247
0.049260
0.049287
0.049305
0.049319
0.049333
0.027197
0.027434
0.027468
0.027493
0.027519
0.027544
0.027568
0.027592
0.027616
0.027641
0.027665
0.027107
0.027323
0.027348
0.027362
0.027376
0.027391
0.027405
0.027418
0.027431
0.027444
0.027457
0.026732
0.027035
0.027070
0.027098
0.027127
0.027165
0.027193
0.027220
0.027250
0.027278
0.027305
0.027805
0.028039
0.028056
0.028069
0.028083
0.028099
0.028112
0.028125
0.028138
0.028151
0.028164
0.025515
0.025743
0.025761
0.025775
0.025789
0.025802
0.025815
0.025828
0.025841
0.025854
0.025867
0.026252
0.026466
0.026492
0.026506
0.026519
0.026532
0.026545
0.026558
0.026573
0.026586
0.026599
0.027158
0.027382
0.027400
0.027414
0.027427
0.027440
0.027453
