1.850110
0.035721
0.036010
0.036029
0.036044
0.036060
0.036074
0.036089
0.036103
0.036118
0.036132
0.036146
0.028415
0.028701
0.028720
0.028745
0.028759
0.028774
0.028788
0.028802
0.028816
0.028830
0.028844
0.026860
0.027086
0.027114
0.027130
0.027144
0.027159
0.027173
0.027186
0.027200
0.027214
0.027228
0.022961
0.023192
0.023211
0.023225
0.023240
0.023253
0.023267
0.023281
0.023295
0.023308
0.023322
0.026148
0.026367
0.026394
0.026408
0.026422
0.026435
0.026448
0.026462
0.026474
0.026488
0.026501
0.026960
0.027179
0.027207
0.027223
0.027237
0.027251
0.027263
0.027276
0.027289
0.027302
0.027315
0.028077
0.028344
0.028364
0.028382
0.028401
0.028418
0.028438
0.028455
0.028473
0.028490
0.028508
0.040135
0.040414
0.040439
0.040468
0.040488
0.040508
0.040529
0.040549
0.040568
0.040589
0.040608
0.028433
0.028662
0.028680
0.028694
0.028709
0.028728
0.028742
0.028755
0.028769
0.028782
0.028796
0.044315
0.044539
0.044556
0.044570
0.044583
0.044596
0.044609
0.044625
0.044638
0.044651
0.044664
0.025000
0.025236
0.025264
0.025288
0.025313
0.025336
0.025360
0.025384
0.025409
0.025433
0.025456
0.022187
0.022424
0.022455
0.022483
0.022507
0.022534
0.022558
0.022583
0.022606
0.022626
0.022645
0.021999
0.022223
0.022240
0.022254
0.022267
0.022281
0.022295
0.022308
0.022321
0.022334
0.022346
0.022071
0.022293
0.022310
0.022323
0.022336
0.022353
0.022365
0.022378
0.022391
0.022404
0.022417
0.022203
0.022413
0.022439
0.022453
0.022467
0.022481
0.022494
0.022507
0.022520
0.022533
0.022546
0.022052
0.022280
0.022297
0.022310
0.022324
0.022336
0.022349
0.022362
0.022377
0.022390
0.022403
0.021102
0.021320
0.021337
0.021351
0.021364
0.021377
0.021390
0.021402
0.021415
0.021428
0.021441
0.021478
0.021709
0.021726
0.021740
0.021754
0.021767
0.021780
0.021793
0.021806
0.021819
0.021832
0.022795
0.023437
0.023466
0.023483
0.023496
0.023509
0.023522
0.023535
0.023548
0.023563
0.023576
0.054487
0.054753
0.054775
0.054794
0.054812
0.054830
0.054847
0.054865
0.054883
0.054900
0.054918
0.036290
0.036521
0.036546
0.036570
0.036593
0.036618
0.036640
0.036664
0.036687
0.036711
0.036734
0.032758
0.033020
0.033054
0.033073
0.033091
0.033109
0.033127
0.033144
0.033162
0.033179
0.033196
0.026214
0.026444
0.026461
0.026475
0.026489
0.026502
0.026515
0.026528
0.026542
0.026555
0.026568
0.032037
0.032294
0.032314
0.032341
0.032360
0.032378
0.032396
0.032414
0.032431
0.032449
0.032466
0.028716
0.028978
0.029000
0.029019
0.029038
0.029059
0.029077
0.029095
0.029113
0.029130
0.029148
0.029164
0.029426
0.029448
0.029466
0.029484
0.029502
0.029520
0.029537
0.029555
0.029572
0.029590
0.028813
0.029068
0.029099
0.029117
0.029135
0.029153
0.029171
0.029188
0.029205
0.029223
0.029240
0.028603
0.028864
0.028887
0.028906
0.028924
0.028942
0.028959
0.028977
0.028994
0.029012
0.029029
0.035270
0.035509
0.035527
0.035555
0.035578
0.035593
0.035606
0.035619
0.035633
0.035647
0.035662
0.054327
0.054553
0.054571
0.054585
0.054599
0.054612
0.054625
0.054638
0.054651
0.054663
0.054676
0.029729
0.029985
0.030006
0.030033
0.030051
0.030068
0.030086
0.030104
0.030122
0.030139
0.030157
0.028209
0.028453
0.028471
0.028486
0.028500
0.028513
0.028526
0.028539
0.028553
0.028566
0.028579
0.028589
0.028828
0.028858
0.028873
0.028886
0.028899
0.028913
0.028927
0.028940
0.028954
0.028967
0.031651
0.031910
0.031932
0.031951
0.031969
0.031987
0.032005
0.032022
0.032039
0.032057
0.032074
0.029637
0.029895
0.029916
0.029944
0.029962
0.029980
0.029998
0.030015
0.030033
0.030051
0.030069
0.029483
0.029755
0.029777
0.029796
0.029814
0.029832
0.029850
0.029868
0.029886
0.029904
0.029922
0.029881
0.030145
0.030166
0.030185
0.030203
0.030221
0.030239
0.030257
0.030275
0.030294
0.030312
0.033118
0.033393
0.033428
0.033449
0.033469
0.033490
0.033509
0.033528
0.033549
0.033568
0.033587
0.029906
0.030165
0.030187
0.030214
0.030233
0.030251
0.030269
0.030287
0.030305
0.030322
0.030340
0.064347
0.064612
0.064635
0.064653
0.064672
0.064689
0.064706
0.064724
0.064741
0.064758
0.064775
0.030440
0.030700
0.030722
0.030742
0.030761
0.030778
0.030796
0.030813
0.030831
0.030849
0.030866
0.030481
0.030747
0.030768
0.030786
0.030805
0.030822
0.030840
0.030857
0.030874
0.030892
0.030909
0.030753
0.031017
0.031039
0.031058
0.031076
0.031094
0.031112
0.031130
0.031147
0.031164
0.031182
0.031806
0.032068
0.032090
0.032109
0.032127
0.032144
0.032161
0.032179
0.032197
0.032214
0.032231
0.028771
0.029004
0.029022
0.029037
0.029051
0.029065
0.029078
0.029091
0.029104
0.029117
0.029130
0.023790
0.024018
0.024038
0.024054
0.024070
0.024085
0.024100
0.024115
0.024130
0.024145
0.024161
0.026081
0.026315
0.026335
0.026352
0.026367
0.026383
0.026398
0.026413
0.026428
0.026443
0.026458
0.023875
0.024119
0.024139
0.024157
0.024174
0.024189
0.024205
0.024220
0.024236
0.024256
0.024272
0.023074
0.023300
0.023318
0.023332
0.023346
0.023359
0.023372
0.023385
0.023398
0.023411
0.023423
0.062871
0.063103
0.063120
0.063135
0.063148
0.063161
0.063174
0.063187
0.063201
0.063214
0.063227
0.031501
0.031757
0.031780
0.031798
0.031817
0.031834
0.031852
0.031870
0.031887
0.031904
0.031922
0.028874
0.029089
0.029116
0.029131
0.029145
0.029158
0.029171
0.029185
0.029198
0.029214
0.029232
0.023790
0.024023
0.024044
0.024061
0.024079
0.024095
0.024111
0.024127
0.024142
0.024158
0.024173
0.023119
0.023355
0.023376
0.023393
0.023409
0.023425
0.023441
0.023457
0.023472
0.023488
0.023503
0.022631
0.022858
0.022878
0.022897
0.022917
0.022932
0.022948
0.022962
0.022977
0.022992
0.023007
0.022987
0.023216
0.023232
0.023247
0.023261
0.023275
0.023288
0.023301
0.023314
0.023327
0.023340
0.023744
0.023983
0.024001
0.024015
0.024029
0.024042
0.024055
0.024068
0.024081
0.024094
0.024107
0.032040
0.032308
0.032331
0.032362
0.032383
0.032404
0.032424
0.032444
0.032464
0.032483
0.032503
0.033098
0.033363
0.033387
0.033417
0.033438
0.033458
0.033478
0.033497
0.033518
0.033537
0.033557
0.059369
0.059634
0.059667
0.059690
0.059710
0.059731
0.059751
0.059772
0.059792
0.059811
0.059831
0.027607
0.027843
0.027861
0.027876
0.027889
0.027903
0.027916
0.027929
0.027942
0.027955
0.027968
0.033192
0.033468
0.033494
0.033514
0.033534
0.033553
0.033573
0.033592
0.033614
0.033633
0.033653
0.030796
0.031073
0.031099
0.031120
0.031140
0.031160
0.031179
0.031199
0.031219
0.031238
0.031257
0.037323
0.037596
0.037620
0.037640
0.037669
0.037689
0.037709
0.037729
0.037749
0.037768
0.037787
0.036227
0.036462
0.036480
0.036494
0.036508
0.036521
0.036534
0.036547
0.036560
0.036573
0.036586
0.031007
0.031266
0.031297
0.031316
0.031333
0.031351
0.031369
0.031387
0.031404
0.031421
0.031439
0.030020
0.030290
0.030312
0.030331
0.030348
0.030366
0.030384
0.030401
0.030418
0.030436
0.030454
0.035225
0.035495
0.035528
0.035547
0.035566
0.035584
0.035603
0.035621
0.035640
0.035662
0.035682
0.030428
0.030710
0.030729
0.030743
0.030757
0.030770
0.030783
0.030797
0.030809
0.030823
0.030836
0.066779
0.067037
0.067068
0.067087
0.067105
0.067123
0.067142
0.067159
0.067176
0.067195
0.067213
0.030332
0.030589
0.030620
0.030638
0.030657
0.030674
0.030692
0.030709
0.030727
0.030745
0.030763
0.029814
0.030043
0.030061
0.030075
0.030089
0.030102
0.030115
0.030128
0.030141
0.030154
0.030167
0.030070
0.030298
0.030315
0.030329
0.030343
0.030356
0.030370
0.030383
0.030397
0.030410
0.030423
0.033679
0.033949
0.033972
0.034002
0.034022
0.034042
0.034062
0.034082
0.034101
0.034121
0.034141
0.031811
0.032080
0.032102
0.032120
0.032138
0.032156
0.032174
0.032192
0.032210
0.032228
0.032245
0.029927
0.030192
0.030215
0.030234
0.030252
0.030269
0.030287
0.030305
0.030322
0.030339
0.030356
0.029588
0.029846
0.029868
0.029887
0.029904
0.029922
0.029940
0.029958
0.029975
0.029993
0.030010
0.030033
0.030262
0.030280
0.030294
0.030308
0.030322
0.030335
0.030348
0.030361
0.030375
0.030387
0.045275
0.045545
0.045571
0.045603
0.045624
0.045647
0.045671
0.045694
0.045717
0.045740
0.045758
0.056724
0.056981
0.057012
0.057030
0.057048
0.057069
0.057087
0.057105
0.057122
0.057140
0.057157
0.030218
0.030475
0.030506
0.030525
0.030544
0.030562
0.030580
0.030598
0.030615
0.030633
0.030650
0.029550
0.029801
0.029832
0.029851
0.029869
0.029887
0.029904
0.029922
0.029939
0.029957
0.029974
0.032995
0.033227
0.033245
0.033260
0.033274
0.033287
0.033301
0.033314
0.033327
0.033340
0.033353
0.029914
0.030183
0.030205
0.030223
0.030241
0.030258
0.030275
0.030293
0.030310
0.030327
0.030344
0.029734
0.029991
0.030023
0.030041
0.030059
0.030078
0.030095
0.030113
0.030130
0.030147
0.030164
0.035282
0.035517
0.035535
0.035550
0.035563
0.035577
0.035590
0.035603
0.035616
0.035629
0.035642
0.029614
0.029887
0.029910
0.029929
0.029947
0.029965
0.029983
0.030001
0.030018
0.030036
0.030054
0.032418
0.032687
0.032709
0.032727
0.032745
0.032762
0.032780
0.032797
0.032815
0.032832
0.032850
0.029042
0.029307
0.029329
0.029348
0.029366
0.029384
0.029401
0.029419
0.029436
0.029454
0.029471
0.053185
0.053451
0.053473
0.053492
0.053510
0.053527
0.053545
0.053562
0.053579
0.053597
0.053615
0.028809
0.029066
0.029097
0.029115
0.029133
0.029151
0.029168
0.029185
0.029202
0.029219
0.029237
0.029041
0.029304
0.029325
0.029345
0.029363
0.029381
0.029398
0.029417
0.029435
0.029453
0.029471
0.028687
0.028951
0.028973
0.028992
0.029010
0.029028
0.029045
0.029063
0.029080
0.029098
0.029115
0.029061
0.029324
0.029344
0.029372
0.029390
0.029408
0.029425
0.029443
0.029461
0.029478
0.029495
0.027195
0.027426
0.027443
0.027457
0.027471
0.027485
0.027498
0.027512
0.027525
0.027538
0.027550
0.033732
0.033966
0.033983
0.033998
0.034011
0.034025
0.034038
0.034052
0.034065
0.034078
0.034091
0.022390
0.022613
0.022630
0.022645
0.022658
0.022672
0.022685
0.022698
0.022711
0.022723
0.022736
0.023451
0.023676
0.023694
0.023708
0.023721
0.023734
0.023748
0.023761
