1.918495
0.037365
0.037719
0.037756
0.037783
0.037821
0.037850
0.037878
0.037905
0.037934
0.037962
0.037992
0.033388
0.033618
0.033634
0.033646
0.033668
0.033683
0.033696
0.033710
0.033725
0.033738
0.033751
0.031701
0.031919
0.031944
0.031961
0.031976
0.031989
0.032003
0.032017
0.032030
0.032044
0.032058
0.033042
0.033275
0.033293
0.033308
0.033322
0.033335
0.033348
0.033361
0.033374
0.033387
0.033401
0.030200
0.030433
0.030452
0.030466
0.030480
0.030493
0.030506
0.030519
0.030533
0.030545
0.030558
0.029902
0.030130
0.030148
0.030163
0.030177
0.030190
0.030204
0.030218
0.030231
0.030243
0.030256
0.030375
0.030607
0.030625
0.030639
0.030653
0.030666
0.030682
0.030695
0.030708
0.030721
0.030734
0.039438
0.039696
0.039715
0.039741
0.039761
0.039778
0.039796
0.039813
0.039830
0.039849
0.039866
0.029718
0.029948
0.029965
0.029980
0.029993
0.030006
0.030019
0.030032
0.030045
0.030058
0.030071
0.057703
0.057917
0.057943
0.057957
0.057971
0.057984
0.057997
0.058012
0.058025
0.058038
0.058051
0.031471
0.031705
0.031725
0.031741
0.031756
0.031771
0.031787
0.031803
0.031820
0.031835
0.031851
0.029243
0.029486
0.029518
0.029546
0.029565
0.029581
0.029595
0.029614
0.029633
0.029647
0.029660
0.031939
0.032168
0.032195
0.032209
0.032223
0.032237
0.032249
0.032263
0.032276
0.032289
0.032303
0.030583
0.030808
0.030826
0.030839
0.030853
0.030868
0.030881
0.030894
0.030907
0.030920
0.030932
0.029758
0.029983
0.030000
0.030014
0.030028
0.030041
0.030055
0.030068
0.030081
0.030094
0.030107
0.030479
0.030706
0.030724
0.030737
0.030751
0.030764
0.030777
0.030790
0.030804
0.030817
0.030830
0.029677
0.029891
0.029918
0.029932
0.029946
0.029959
0.029972
0.029986
0.029999
0.030011
0.030024
0.029490
0.029719
0.029736
0.029750
0.029763
0.029777
0.029790
0.029803
0.029816
0.029829
0.029842
0.029648
0.029874
0.029892
0.029910
0.029923
0.029937
0.029950
0.029963
0.029976
0.029989
0.030002
0.056517
0.056736
0.056762
0.056776
0.056789
0.056802
0.056815
0.056828
0.056840
0.056854
0.056867
0.028902
0.029133
0.029159
0.029185
0.029210
0.029234
0.029259
0.029283
0.029307
0.029332
0.029356
0.028841
0.029068
0.029088
0.029102
0.029115
0.029128
0.029141
0.029155
0.029168
0.029182
0.029194
0.027842
0.028071
0.028089
0.028103
0.028116
0.028129
0.028142
0.028155
0.028167
0.028180
0.028193
0.027758
0.027982
0.028000
0.028014
0.028028
0.028042
0.028056
0.028069
0.028083
0.028096
0.028109
0.028666
0.028894
0.028911
0.028925
0.028939
0.028955
0.028969
0.028982
0.028996
0.029009
0.029022
0.028448
0.028678
0.028696
0.028710
0.028723
0.028737
0.028750
0.028763
0.028776
0.028789
0.028802
0.027633
0.027863
0.027881
0.027896
0.027910
0.027922
0.027936
0.027949
0.027962
0.027976
0.027989
0.027691
0.027916
0.027934
0.027949
0.027962
0.027976
0.027989
0.028002
0.028014
0.028028
0.028040
0.027791
0.028023
0.028041
0.028057
0.028070
0.028083
0.028097
0.028110
0.028123
0.028137
0.028150
0.055080
0.055314
0.055332
0.055346
0.055360
0.055373
0.055386
0.055400
0.055413
0.055426
0.055439
0.028814
0.029040
0.029057
0.029071
0.029085
0.029098
0.029111
0.029124
0.029138
0.029151
0.029164
0.027761
0.027990
0.028008
0.028023
0.028036
0.028049
0.028062
0.028075
0.028088
0.028101
0.028114
0.027330
0.027560
0.027582
0.027596
0.027609
0.027622
0.027636
0.027649
0.027663
0.027676
0.027689
0.028137
0.028370
0.028388
0.028403
0.028417
0.028431
0.028444
0.028457
0.028470
0.028483
0.028496
0.027101
0.027330
0.027348
0.027362
0.027376
0.027389
0.027403
0.027416
0.027429
0.027442
0.027455
0.027835
0.028075
0.028094
0.028108
0.028122
0.028136
0.028149
0.028162
0.028175
0.028188
0.028201
0.027181
0.027407
0.027424
0.027438
0.027452
0.027466
0.027479
0.027492
0.027505
0.027522
0.027535
0.027600
0.027830
0.027848
0.027862
0.027875
0.027888
0.027901
0.027914
0.027927
0.027939
0.027952
0.029132
0.029360
0.029377
0.029392
0.029406
0.029419
0.029432
0.029445
0.029458
0.029471
0.029484
0.057351
0.057577
0.057594
0.057608
0.057621
0.057635
0.057647
0.057660
0.057673
0.057686
0.057698
0.028552
0.028780
0.028798
0.028812
0.028826
0.028839
0.028853
0.028866
0.028879
0.028893
0.028905
0.027686
0.027917
0.027935
0.027949
0.027963
0.027976
0.027989
0.028002
0.028015
0.028028
0.028042
0.035812
0.036084
0.036107
0.036125
0.036144
0.036161
0.036179
0.036196
0.036213
0.036231
0.036248
0.032211
0.032442
0.032459
0.032474
0.032487
0.032501
0.032514
0.032527
0.032540
0.032553
0.032566
0.029309
0.029526
0.029552
0.029567
0.029580
0.029594
0.029607
0.029620
0.029634
0.029647
0.029660
0.028780
0.029006
0.029023
0.029037
0.029051
0.029063
0.029076
0.029089
0.029102
0.029115
0.029128
0.028799
0.029027
0.029046
0.029059
0.029073
0.029086
0.029099
0.029112
0.029125
0.029138
0.029152
0.027432
0.027660
0.027678
0.027692
0.027706
0.027719
0.027732
0.027745
0.027758
0.027775
0.027788
0.028928
0.029154
0.029171
0.029186
0.029199
0.029212
0.029226
0.029239
0.029252
0.029264
0.029277
0.057322
0.057552
0.057569
0.057584
0.057597
0.057611
0.057624
0.057636
0.057650
0.057663
0.057676
0.028399
0.028627
0.028645
0.028659
0.028672
0.028686
0.028699
0.028711
0.028724
0.028737
0.028749
0.027620
0.027839
0.027866
0.027880
0.027894
0.027907
0.027920
0.027936
0.027955
0.027972
0.027988
0.027748
0.027978
0.027998
0.028016
0.028033
0.028048
0.028064
0.028080
0.028096
0.028111
0.028127
0.027410
0.027638
0.027659
0.027675
0.027692
0.027708
0.027725
0.027740
0.027756
0.027771
0.027787
0.027282
0.027517
0.027537
0.027554
0.027574
0.027591
0.027607
0.027623
0.027638
0.027654
0.027669
0.028209
0.028430
0.028458
0.028475
0.028492
0.028509
0.028525
0.028540
0.028556
0.028571
0.028587
0.027861
0.028092
0.028112
0.028129
0.028145
0.028162
0.028179
0.028194
0.028210
0.028226
0.028242
0.027282
0.027514
0.027535
0.027553
0.027570
0.027586
0.027602
0.027617
0.027633
0.027648
0.027664
0.028540
0.028759
0.028780
0.028806
0.028822
0.028839
0.028855
0.028871
0.028887
0.028902
0.028917
0.057178
0.057408
0.057428
0.057446
0.057463
0.057480
0.057497
0.057513
0.057528
0.057544
0.057559
0.027536
0.027770
0.027790
0.027807
0.027825
0.027842
0.027858
0.027874
0.027890
0.027906
0.027922
0.028373
0.028619
0.028652
0.028670
0.028685
0.028698
0.028712
0.028725
0.028742
0.028755
0.028767
0.029253
0.029481
0.029499
0.029513
0.029527
0.029540
0.029553
0.029567
0.029580
0.029593
0.029605
0.028488
0.028717
0.028735
0.028749
0.028763
0.028776
0.028789
0.028802
0.028815
0.028828
0.028841
0.028555
0.028785
0.028804
0.028818
0.028831
0.028845
0.028858
0.028871
0.028884
0.028897
0.028910
0.027492
0.027720
0.027738
0.027752
