1.407862
0.033741
0.033960
0.033982
0.034009
0.034027
0.034045
0.034063
0.034081
0.034099
0.034116
0.034134
0.033573
0.033798
0.033820
0.033839
0.033856
0.033875
0.033892
0.033910
0.033927
0.033945
0.033962
0.030860
0.031074
0.031106
0.031126
0.031146
0.031166
0.031184
0.031202
0.031221
0.031240
0.031258
0.032830
0.033048
0.033071
0.033089
0.033111
0.033131
0.033148
0.033166
0.033184
0.033201
0.033219
0.032792
0.032998
0.033029
0.033048
0.033066
0.033084
0.033102
0.033119
0.033137
0.033154
0.033172
0.033752
0.033976
0.033998
0.034017
0.034037
0.034055
0.034072
0.034089
0.034107
0.034124
0.034141
0.032619
0.032837
0.032858
0.032886
0.032903
0.032921
0.032941
0.032959
0.032976
0.032993
0.033011
0.033490
0.033720
0.033742
0.033760
0.033777
0.033795
0.033812
0.033830
0.033847
0.033864
0.033882
0.032748
0.032973
0.032995
0.033015
0.033034
0.033052
0.033070
0.033088
0.033108
0.033126
0.033144
0.058362
0.058582
0.058604
0.058622
0.058639
0.058657
0.058675
0.058694
0.058712
0.058764
0.058783
0.031900
0.032122
0.032144
0.032163
0.032181
0.032199
0.032217
0.032234
0.032252
0.032269
0.032287
0.032686
0.032913
0.032934
0.032952
0.032970
0.032989
0.033007
0.033024
0.033041
0.033059
0.033076
0.034662
0.034874
0.034895
0.034922
0.034941
0.034959
0.034977
0.034995
0.035012
0.035029
0.035047
0.033164
0.033374
0.033404
0.033422
0.033441
0.033461
0.033478
0.033496
0.033514
0.033531
0.033548
0.031645
0.031855
0.031885
0.031904
0.031922
0.031940
0.031957
0.031974
0.031992
0.032009
0.032026
0.032056
0.032287
0.032309
0.032328
0.032345
0.032363
0.032380
0.032398
0.032418
0.032436
0.032454
0.031767
0.031981
0.032011
0.032029
0.032047
0.032065
0.032083
0.032100
0.032118
0.032135
0.032152
0.032776
0.032991
0.033021
0.033040
0.033057
0.033075
0.033092
0.033109
0.033127
0.033145
0.033162
0.033525
0.033746
0.033766
0.033798
0.033815
0.033833
0.033850
0.033868
0.033885
0.033902
0.033920
0.058714
0.058945
0.058968
0.058988
0.059006
0.059026
0.059043
0.059062
0.059079
0.059097
0.059115
0.032151
0.032376
0.032398
0.032416
0.032434
0.032451
0.032469
0.032486
0.032504
0.032521
0.032540
0.032379
0.032592
0.032616
0.032643
0.032661
0.032680
0.032697
0.032714
0.032731
0.032749
0.032766
0.033698
0.033907
0.033937
0.033956
0.033974
0.033991
0.034009
0.034031
0.034050
0.034067
0.034085
0.033299
0.033514
0.033535
0.033563
0.033581
0.033598
0.033616
0.033633
0.033651
0.033669
0.033685
0.032712
0.032932
0.032953
0.032972
0.032990
0.033010
0.033029
0.033046
0.033063
0.033081
0.033098
0.032925
0.033146
0.033168
0.033187
0.033205
0.033222
0.033240
0.033258
0.033276
0.033293
0.033311
0.033826
0.034060
0.034082
0.034101
0.034121
0.034138
0.034157
0.034174
0.034192
0.034210
0.034228
0.031858
0.032074
0.032105
0.032124
0.032142
0.032160
0.032177
0.032194
0.032212
0.032229
0.032246
0.033294
0.033522
0.033545
0.033564
0.033581
0.033599
0.033617
0.033635
0.033653
0.033671
0.033689
0.059729
0.059947
0.059977
0.059996
0.060014
0.060032
0.060049
0.060067
0.060085
0.060102
0.060120
0.033622
0.033832
0.033863
0.033882
0.033900
0.033919
0.033936
0.033954
0.033972
0.033990
0.034008
0.032810
0.033021
0.033051
0.033070
0.033088
0.033105
0.033123
0.033140
0.033158
0.033175
0.033193
0.032104
0.032318
0.032353
0.032372
0.032389
0.032407
0.032425
0.032443
0.032461
0.032478
0.032496
0.033293
0.033513
0.033535
0.033554
0.033572
0.033590
0.033607
0.033625
0.033642
0.033659
0.033677
0.033402
0.033614
0.033645
0.033665
0.033684
0.033703
0.033721
0.033739
0.033756
0.033774
0.033792
0.032331
0.032575
0.032610
0.032633
0.032655
0.032676
0.032697
0.032719
0.032740
0.032761
0.032782
0.032965
0.033180
0.033201
0.033229
0.033248
0.033266
0.033284
0.033301
0.033319
0.033340
0.033357
0.032743
0.032951
0.032972
0.032999
0.033017
0.033035
0.033057
0.033075
0.033092
0.033110
0.033128
0.032151
0.032362
0.032394
0.032413
0.032431
0.032449
0.032466
0.032484
0.032502
0.032519
0.032536
0.061471
0.061694
0.061717
0.061735
0.061754
0.061772
0.061789
0.061807
0.061824
0.061841
0.061859
0.033587
0.033813
0.033836
0.033855
0.033873
0.033891
0.033909
0.033927
0.033944
0.033962
0.033979
0.032666
0.032879
0.032910
0.032929
0.032947
0.032965
0.032982
0.033000
0.033017
0.033035
0.033052
0.033839
0.034050
0.034081
0.034101
0.034118
0.034136
0.034154
0.034172
0.034189
0.034206
0.034224
0.032195
0.032421
0.032443
0.032463
0.032481
0.032498
0.032516
0.032534
0.032552
0.032569
0.032587
0.033361
0.033598
0.033620
0.033639
0.033657
0.033675
0.033693
0.033710
0.033728
0.033746
0.033763
0.032439
0.032654
0.032675
0.032702
0.032720
0.032738
0.032756
0.032774
0.032791
0.032809
0.032827
0.031477
0.031689
0.031720
0.031739
0.031757
0.031775
0.031792
0.031810
0.031828
0.031845
0.031862
0.034673
0.034892
0.034914
0.034933
0.034951
0.034968
0.034986
0.035003
0.035021
0.035042
0.035060
0.032263
0.032484
0.032506
0.032526
0.032543
0.032561
0.032579
0.032597
0.032614
0.032631
0.032649
