1.730565
0.027107
0.027351
0.027384
0.027408
0.027435
0.027459
0.027484
0.027508
0.027533
0.027556
0.027580
0.035619
0.035854
0.035877
0.035898
0.035928
0.035949
0.035970
0.035990
0.036015
0.036036
0.036055
0.034757
0.034999
0.035023
0.035053
0.035074
0.035094
0.035114
0.035133
0.035153
0.035172
0.035193
0.037261
0.037499
0.037529
0.037551
0.037580
0.037600
0.037619
0.037639
0.037664
0.037686
0.037706
0.039958
0.040187
0.040210
0.040230
0.040258
0.040277
0.040296
0.040315
0.040335
0.040355
0.040375
0.030913
0.031145
0.031166
0.031187
0.031204
0.031222
0.031239
0.031257
0.031274
0.031291
0.031308
0.035250
0.035500
0.035525
0.035557
0.035580
0.035603
0.035632
0.035654
0.035676
0.035697
0.035718
0.031171
0.031393
0.031415
0.031442
0.031460
0.031477
0.031495
0.031512
0.031529
0.031546
0.031569
0.031276
0.031516
0.031538
0.031556
0.031574
0.031592
0.031609
0.031626
0.031644
0.031662
0.031680
0.065800
0.066031
0.066064
0.066085
0.066104
0.066124
0.066144
0.066170
0.066191
0.066213
0.066234
0.037210
0.037465
0.037500
0.037532
0.037553
0.037574
0.037595
0.037619
0.037644
0.037669
0.037692
0.031658
0.031885
0.031907
0.031932
0.031951
0.031973
0.031992
0.032009
0.032027
0.032045
0.032062
0.036538
0.036809
0.036835
0.036855
0.036874
0.036903
0.036922
0.036947
0.036970
0.036993
0.037015
0.031088
0.031313
0.031335
0.031353
0.031372
0.031393
0.031410
0.031428
0.031446
0.031463
0.031481
0.030071
0.030314
0.030337
0.030366
0.030394
0.030415
0.030433
0.030451
0.030469
0.030491
0.030519
0.031253
0.031476
0.031506
0.031524
0.031542
0.031560
0.031577
0.031600
0.031621
0.031638
0.031655
0.034997
0.035241
0.035271
0.035295
0.035319
0.035352
0.035377
0.035399
0.035420
0.035440
0.035461
0.030655
0.030882
0.030902
0.030920
0.030946
0.030964
0.030981
0.030998
0.031016
0.031034
0.031051
0.034945
0.035312
0.035350
0.035374
0.035394
0.035414
0.035434
0.035453
0.035473
0.035492
0.035512
0.060292
0.060508
0.060530
0.060549
0.060566
0.060584
0.060602
0.060620
0.060638
0.060656
0.060673
0.033677
0.033933
0.033958
0.033979
