1.530898
0.030468
0.030684
0.030705
0.030732
0.030751
0.030769
0.030787
0.030804
0.030822
0.030839
0.030857
0.032629
0.032844
0.032866
0.032884
0.032902
0.032920
0.032938
0.032956
0.032974
0.032991
0.033009
0.030924
0.031151
0.031172
0.031192
0.031210
0.031227
0.031245
0.031262
0.031280
0.031298
0.031316
0.030113
0.030327
0.030358
0.030376
0.030394
0.030412
0.030430
0.030448
0.030465
0.030483
0.030500
0.031833
0.032054
0.032076
0.032095
0.032113
0.032130
0.032148
0.032165
0.032183
0.032200
0.032217
0.031794
0.032012
0.032033
0.032053
0.032071
0.032089
0.032107
0.032124
0.032142
0.032159
0.032176
0.031797
0.032012
0.032043
0.032061
0.032079
0.032096
0.032117
0.032134
0.032152
0.032169
0.032187
0.032704
0.032936
0.032966
0.032985
0.033004
0.033021
0.033039
0.033057
0.033075
0.033092
0.033109
0.032755
0.032997
0.033020
0.033038
0.033056
0.033074
0.033092
0.033109
0.033127
0.033145
0.033163
0.057048
0.057279
0.057310
0.057328
0.057346
0.057364
0.057381
0.057401
0.057419
0.057436
0.057454
0.032055
0.032270
0.032300
0.032319
0.032337
0.032354
0.032373
0.032391
0.032409
0.032426
0.032443
0.031192
0.031404
0.031434
0.031452
0.031470
0.031491
0.031508
0.031526
0.031543
0.031561
0.031579
0.031211
0.031435
0.031456
0.031475
0.031493
0.031512
0.031529
0.031547
0.031564
0.031581
0.031599
0.032614
0.032836
0.032858
0.032876
0.032894
0.032914
0.032931
0.032949
0.032966
0.032984
0.033001
0.031340
0.031560
0.031582
0.031601
0.031619
0.031636
0.031654
0.031671
0.031689
0.031707
0.031724
0.032637
0.032858
0.032879
0.032898
0.032916
0.032934
0.032951
0.032969
0.032990
0.033008
0.033025
0.032565
0.032799
0.032832
0.032853
0.032873
0.032895
0.032913
0.032933
0.032952
0.032971
0.032990
0.032454
0.032677
