1.889387
0.038925
0.039203
0.039222
0.039237
0.039253
0.039267
0.039281
0.039296
0.039310
0.039324
0.039338
0.028579
0.028873
0.028902
0.028924
0.028939
0.028954
0.028968
0.028988
0.029009
0.029031
0.029047
0.035330
0.035570
0.035590
0.035608
0.035624
0.035641
0.035658
0.035674
0.035691
0.035706
0.035722
0.028774
0.028985
0.029011
0.029027
0.029040
0.029053
0.029067
0.029080
0.029093
0.029105
0.029118
0.023209
0.023438
0.023465
0.023480
0.023493
0.023507
0.023520
0.023533
0.023546
0.023558
0.023571
0.023365
0.023587
0.023604
0.023618
0.023632
0.023646
0.023659
0.023673
0.023685
0.023698
0.023710
0.023577
0.023800
0.023817
0.023831
0.023845
0.023858
0.023873
0.023886
0.023899
0.023912
0.023925
0.023589
0.023814
0.023832
0.023848
0.023880
0.023899
0.023917
0.023931
0.023947
0.023961
0.023973
0.023632
0.023852
0.023869
0.023883
0.023896
0.023910
0.023922
0.023936
0.023948
0.023961
0.023974
0.048890
0.049109
0.049126
0.049140
0.049154
0.049166
0.049179
0.049194
0.049207
0.049220
0.049233
0.023106
0.023331
0.023348
0.023362
0.023376
0.023389
0.023402
0.023415
0.023428
0.023441
0.023454
0.024326
0.024551
0.024568
0.024582
0.024595
0.024611
0.024624
0.024637
0.024649
0.024662
0.024674
0.023816
0.024032
0.024049
0.024063
0.024076
0.024089
0.024102
0.024116
0.024129
0.024142
0.024155
0.030759
0.031028
0.031049
0.031068
0.031085
0.031105
0.031122
0.031139
0.031157
0.031174
0.031191
0.027064
0.027285
0.027302
0.027316
0.027329
0.027343
0.027356
0.027369
0.027383
0.027395
0.027408
0.026494
0.026719
0.026736
0.026750
0.026763
0.026777
0.026789
0.026803
0.026818
0.026831
0.026844
0.024004
0.024213
0.024239
0.024254
0.024267
0.024281
0.024294
0.024307
0.024320
0.024333
0.024346
0.023734
0.023957
0.023975
0.023989
0.024002
0.024015
0.024028
0.024041
0.024054
0.024067
0.024080
0.023192
0.023404
0.023430
0.023446
0.023459
0.023472
0.023485
0.023498
0.023510
0.023523
0.023536
0.049179
0.049397
0.049415
0.049429
0.049442
0.049455
0.049468
0.049480
0.049493
0.049507
0.049520
0.023947
0.024169
0.024187
0.024201
0.024215
0.024228
0.024241
0.024254
0.024267
0.024280
0.024292
0.024462
0.024692
0.024712
0.024726
0.024740
0.024753
0.024766
0.024780
0.024798
0.024812
0.024825
0.023696
0.023917
0.023933
0.023947
0.023961
0.023974
0.023987
0.023999
0.024012
0.024025
0.024038
0.022903
0.023123
0.023140
0.023154
0.023167
0.023181
0.023195
0.023208
0.023221
0.023234
0.023247
0.024453
0.024666
0.024693
0.024707
0.024721
0.024737
0.024750
0.024763
0.024776
0.024790
0.024802
0.025501
0.025727
0.025744
0.025759
0.025772
0.025785
0.025798
0.025813
0.025826
0.025839
0.025852
0.027102
0.027315
0.027347
0.027365
0.027379
0.027392
0.027405
0.027419
0.027431
0.027445
0.027458
0.026761
0.026983
0.027000
0.027014
0.027028
0.027040
0.027054
0.027067
0.027080
0.027093
0.027106
0.026002
0.026231
0.026248
0.026262
0.026275
0.026289
0.026302
0.026315
0.026328
0.026341
0.026355
0.051401
0.051626
0.051644
0.051658
0.051672
0.051685
0.051698
0.051711
0.051724
0.051737
0.051750
0.026609
0.027070
0.027088
0.027102
0.027116
0.027181
0.027197
0.027211
0.027225
0.027238
0.027252
0.026242
0.026465
0.026483
0.026497
0.026511
0.026524
0.026537
0.026550
0.026562
0.026576
0.026589
0.026063
0.026284
0.026305
0.026320
0.026333
0.026346
0.026360
