1.844089
0.033162
0.033382
0.033412
0.033431
0.033450
0.033467
0.033485
0.033503
0.033521
0.033538
0.033556
0.033135
0.033342
0.033371
0.033390
0.033408
0.033427
0.033444
0.033463
0.033480
0.033498
0.033515
0.024949
0.025162
0.025180
0.025195
0.025209
0.025222
0.025236
0.025252
0.025269
0.025284
0.025300
0.035154
0.035384
0.035419
0.035440
0.035459
0.035479
0.035498
0.035518
0.035539
0.035559
0.035579
0.039428
0.039678
0.039705
0.039726
0.039747
0.039767
0.039786
0.039806
0.039825
0.039845
0.039865
0.024864
0.025084
0.025114
0.025144
0.025171
0.025195
0.025219
0.025244
0.025267
0.025291
0.025315
0.041722
0.041949
0.041973
0.042003
0.042024
0.042044
0.042066
0.042086
0.042106
0.042126
0.042146
0.041176
0.041413
0.041437
0.041467
0.041487
0.041506
0.041526
0.041545
0.041564
0.041583
0.041604
0.034138
0.034387
0.034408
0.034427
0.034445
0.034462
0.034480
0.034498
0.034516
0.034538
0.034556
0.050190
0.050388
0.050405
0.050419
0.050432
0.050445
0.050458
0.050476
0.050493
0.050508
0.050524
0.027513
0.027735
0.027755
0.027771
0.027788
0.027804
0.027819
0.027835
0.027850
0.027865
0.027881
0.031243
0.031518
0.031551
0.031579
0.031605
0.031634
0.031659
0.031683
0.031706
0.031726
0.031747
0.040168
0.040400
0.040424
0.040454
0.040474
0.040493
0.040513
0.040532
0.040552
0.040571
0.040591
0.032314
0.032545
0.032567
0.032587
0.032606
0.032627
0.032645
0.032662
0.032680
0.032698
0.032717
0.034023
0.034250
0.034280
0.034298
0.034316
0.034334
0.034351
0.034369
0.034386
0.034404
0.034421
0.030042
0.030227
0.030253
0.030267
0.030280
0.030293
0.030310
0.030328
0.030347
0.030363
0.030379
0.025545
0.025755
0.025773
0.025787
0.025801
0.025814
0.025827
0.025839
0.025852
0.025865
0.025878
0.040921
0.041177
0.041212
0.041238
0.041261
0.041285
0.041309
0.041332
0.041356
0.041380
0.041405
0.037713
0.037963
0.038002
0.038033
0.038057
0.038080
0.038103
0.038125
0.038148
0.038170
0.038192
0.060656
0.060866
0.060897
0.060915
0.060933
0.060951
0.060968
0.060985
0.061002
0.061020
0.061037
0.032256
0.032482
0.032504
0.032522
0.032540
0.032557
0.032575
0.032593
0.032610
0.032627
0.032645
0.032395
0.032623
0.032648
0.032667
0.032685
0.032703
0.032721
0.032738
0.032756
0.032773
0.032791
0.025214
0.025442
0.025473
0.025501
0.025527
0.025553
0.025577
0.025601
0.025625
0.025648
0.025673
0.024571
0.024794
0.024823
0.024850
0.024876
0.024902
0.024926
0.024950
0.024973
0.024997
0.025022
0.032048
0.032273
0.032294
0.032313
0.032331
0.032351
0.032369
0.032387
0.032404
0.032422
0.032440
0.033480
0.033680
0.033701
0.033720
0.033747
0.033764
0.033782
0.033800
0.033817
0.033835
0.033852
0.032673
0.032883
0.032915
0.032933
0.032951
0.032969
0.032987
0.033004
0.033021
0.033039
0.033057
0.033462
0.033679
0.033710
0.033729
0.033747
0.033765
0.033782
0.033800
0.033817
0.033835
0.033852
0.030197
0.030424
0.030446
0.030473
0.030492
0.030514
0.030533
0.030550
0.030568
0.030586
0.030605
0.059118
0.059333
0.059363
0.059382
0.059400
0.059417
0.059435
0.059452
0.059470
0.059487
0.059505
0.031568
0.031790
0.031812
0.031831
0.031848
0.031866
0.031884
0.031902
0.031919
0.031937
0.031954
0.032327
0.032537
0.032558
0.032585
0.032603
0.032621
0.032639
0.032656
0.032673
0.032691
0.032708
0.032437
0.032665
0.032699
0.032718
0.032736
0.032754
0.032772
0.032789
0.032807
0.032826
0.032844
0.032729
0.032957
0.032988
0.033007
0.033025
0.033042
0.033060
0.033077
0.033095
0.033112
0.033129
0.032361
0.032582
0.032604
0.032622
0.032640
0.032658
0.032676
0.032694
0.032712
0.032729
0.032747
0.032174
0.032401
0.032422
0.032440
0.032458
0.032476
0.032494
0.032512
0.032529
0.032547
0.032565
0.033320
0.033538
0.033559
0.033577
0.033595
0.033613
0.033631
0.033649
0.033666
0.033688
0.033705
0.032039
0.032256
0.032277
0.032305
0.032323
0.032341
0.032358
0.032376
0.032393
0.032411
0.032428
0.033034
0.033241
0.033262
0.033280
0.033308
0.033325
0.033343
0.033360
0.033378
0.033395
0.033413
0.060957
0.061176
0.061207
0.061226
0.061244
0.061262
0.061279
0.061297
0.061314
0.061332
0.061349
0.033160
0.033378
0.033400
0.033420
0.033438
0.033457
0.033474
0.033492
0.033509
0.033527
0.033545
0.033345
0.033557
0.033578
0.033606
0.033624
0.033642
0.033660
0.033677
0.033695
0.033712
0.033729
0.040461
0.040720
0.040758
0.040779
0.040798
0.040818
0.040838
0.040857
0.040876
0.040896
0.040915
0.026867
0.027074
0.027094
0.027111
0.027128
0.027143
0.027158
0.027173
0.027188
0.027203
0.027218
0.025552
0.025759
0.025787
0.025803
0.025819
0.025835
0.025850
0.025866
0.025881
0.025897
0.025912
0.026607
0.026827
0.026846
0.026863
0.026879
0.026894
0.026910
0.026925
0.026941
0.026956
0.026971
0.026969
0.027169
0.027189
0.027205
0.027222
0.027238
0.027254
0.027270
0.027285
0.027301
0.027316
0.026129
0.026322
0.026341
0.026368
0.026384
0.026400
0.026416
0.026432
0.026448
0.026467
0.026484
0.032458
0.032681
0.032702
0.032720
0.032747
0.032765
0.032783
0.032801
0.032819
0.032836
0.032853
0.062807
0.063040
0.063062
0.063080
0.063098
0.063116
0.063133
0.063151
0.063168
0.063185
0.063203
0.032815
0.033050
0.033072
0.033091
0.033109
0.033127
0.033144
0.033162
0.033180
0.033197
0.033215
0.032812
0.033044
0.033065
0.033084
0.033102
0.033120
0.033137
0.033154
0.033172
0.033190
0.033207
0.032828
0.033053
0.033073
0.033100
0.033119
0.033136
0.033154
0.033171
0.033188
0.033206
0.033222
0.033249
0.033478
0.033498
0.033526
0.033545
0.033563
0.033581
0.033598
0.033616
0.033634
0.033652
0.033660
0.033885
0.033907
