94	117	1183	353
117	131	1159	346
118	132	1170	349
119	133	1181	352
120	134	1193	356
121	136	1204	359
122	137	1216	363
123	138	1227	366
125	140	1239	369
126	141	1250	373
127	142	1262	376
128	143	1273	380
127	146	1137	339
127	147	1135	338
128	148	1133	337
129	150	1131	337
130	151	1129	336
131	152	1127	335
132	154	1125	335
133	155	1123	334
134	156	1121	334
135	158	1119	333
136	159	1117	332
94	134	1137	339
94	135	1135	338
92	134	1134	338
91	134	1133	338
89	134	1133	337
87	134	1132	337
86	133	1131	337
84	133	1131	337
82	133	1130	336
81	133	1129	336
79	132	1129	336
71	123	1137	339
69	122	1136	338
67	121	1136	338
65	121	1135	338
63	120	1135	338
61	119	1135	338
59	118	1135	338
57	118	1135	338
55	117	1134	338
53	116	1134	338
51	115	1134	338
94	130	1092	326
91	129	1091	325
92	129	1089	325
92	129	1086	324
93	129	1084	323
93	129	1081	322
94	129	1079	322
94	129	1076	321
95	129	1073	320
95	129	1071	320
96	129	1068	319
71	112	1137	339
71	112	1134	338
70	111	1135	338
69	110	1137	339
68	109	1138	339
67	108	1139	339
66	107	1141	340
65	106	1142	340
64	105	1144	341
63	104	1145	341
62	103	1146	341
94	124	1137	339
93	123	1138	339
93	123	1139	339
94	123	1139	339
95	123	1140	340
96	124	1141	340
97	124	1142	340
97	124	1142	340
98	124	1143	340
99	125	1144	341
100	125	1145	341
93	112	1137	339
93	112	1137	339
94	111	1138	339
94	111	1138	339
94	110	1138	339
95	110	1138	339
95	109	1139	339
96	109	1139	339
96	108	1139	339
96	108	1139	339
97	107	1140	339
105	127	1114	332
105	126	1114	332
106	127	1113	331
106	127	1111	331
107	128	1110	330
108	128	1109	330
109	129	1108	330
110	130	1107	329
110	130	1105	329
111	131	1104	329
112	131	1103	328
116	119	1092	326
116	119	1090	325
117	119	1089	325
118	119	1087	324
119	119	1085	324
120	118	1083	323
121	118	1081	323
122	118	1080	322
123	118	1078	322
124	118	1076	321
125	118	1074	321
127	116	1114	332
127	115	1112	331
128	115	1112	331
129	115	1113	331
130	115	1113	331
131	114	1114	332
132	114	1114	332
133	114	1115	332
134	113	1115	332
135	113	1116	332
136	113	1116	332
115	101	1137	339
115	100	1137	339
115	99	1139	339
115	98	1140	340
115	97	1142	340
114	96	1143	341
114	96	1145	341
114	95	1147	341
114	94	1148	342
113	93	1150	342
113	92	1151	343
127	97	1092	326
126	96	1093	326
127	95	1091	325
127	94	1090	325
128	94	1088	324
128	93	1086	324
129	92	1084	323
129	92	1082	323
130	91	1080	322
130	91	1079	322
131	90	1077	321
104	90	1137	339
104	89	1135	338
103	88	1136	338
102	88	1138	339
101	87	1139	339
100	86	1141	340
99	86	1143	340
98	85	1144	341
97	85	1146	341
96	84	1147	342
95	83	1149	342
116	102	1137	339
114	101	1138	339
115	101	1139	339
115	102	1140	339
115	102	1141	340
115	103	1141	340
115	103	1142	340
115	103	1143	340
116	104	1144	341
116	104	1145	341
116	105	1145	341
127	79	1137	339
127	79	1137	339
127	78	1138	339
128	77	1138	339
129	76	1138	339
130	75	1138	339
130	74	1139	339
131	73	1139	339
132	72	1139	339
133	71	1140	339
133	69	1140	339
171	79	1137	339
171	77	1137	339
174	77	1137	339
177	76	1137	339
180	76	1137	339
182	75	1137	339
185	75	1137	339
188	74	1137	339
191	74	1137	339
193	74	1137	339
196	73	1137	339
215	105	1114	332
217	104	1114	332
221	105	1112	331
225	107	1111	331
228	108	1110	330
232	109	1109	330
235	110	1107	330
239	112	1106	329
243	113	1105	329
246	114	1104	328
250	116	1102	328
126	101	1137	339
129	102	1135	338
126	102	1136	338
122	103	1137	339
119	103	1137	339
115	103	1138	339
112	104	1139	339
108	104	1139	339
105	104	1140	340
101	105	1141	340
98	105	1142	340
161	109	1159	346
157	109	1159	346
157	109	1161	346
157	110	1162	347
158	110	1164	347
158	111	1166	348
158	112	1167	348
158	112	1169	349
158	113	1170	349
159	113	1172	350
159	114	1174	350
114	90	1206	360
114	90	1207	360
111	89	1210	361
109	88	1214	362
107	88	1217	363
104	87	1220	364
102	86	1224	365
100	85	1227	366
97	84	1230	367
95	83	1233	368
93	83	1237	369
90	90	1206	360
87	89	1209	360
85	88	1210	361
82	88	1212	361
80	87	1213	362
78	87	1214	362
75	87	1216	363
73	86	1217	363
71	86	1218	363
68	85	1220	364
66	85	1221	364
41	86	1230	367
38	85	1231	367
34	85	1233	367
31	84	1234	368
27	84	1236	368
24	84	1238	369
20	83	1240	369
16	83	1241	370
13	83	1243	371
9	82	1245	371
5	82	1247	372
30	98	1230	367
26	97	1231	367
24	98	1232	367
22	98	1233	367
20	99	1233	368
17	99	1234	368
15	100	1235	368
13	100	1236	368
11	101	1236	368
9	101	1237	369
7	102	1238	369
54	98	1230	367
51	98	1230	367
52	98	1230	367
53	99	1231	367
53	99	1231	367
54	99	1231	367
54	99	1231	367
55	100	1232	367
56	100	1232	367
56	100	1232	367
57	100	1232	367
78	129	1182	352
78	129	1182	352
80	131	1179	351
82	132	1177	350
83	134	1174	349
85	136	1171	348
87	138	1169	347
88	140	1166	347
90	141	1163	346
92	143	1161	345
94	145	1158	344
78	121	1230	367
79	122	1227	366
80	123	1228	366
81	123	1230	367
81	123	1231	367
82	124	1233	368
83	124	1234	368
84	124	1236	368
84	125	1237	369
85	125	1239	369
86	125	1240	370
29	133	1230	367
29	133	1231	367
27	134	1232	367
24	134	1233	367
22	135	1233	368
19	136	1234	368
17	136	1235	368
14	137	1236	368
12	138	1237	369
9	139	1237	369
7	139	1238	369
66	121	1230	367
63	121	1230	367
64	121	1231	367
65	120	1231	367
66	120	1231	367
67	120	1231	367
67	119	1232	367
68	119	1232	367
69	119	1232	367
70	118	1233	367
71	118	1233	368
41	114	1280	381
41	113	1280	381
41	113	1283	381
40	112	1285	382
39	111	1288	383
38	111	1291	384
37	110	1294	385
36	110	1297	385
35	109	1300	386
35	108	1303	387
