1.776553
0.039878
0.040157
0.040187
0.040202
0.040217
0.040232
0.040246
0.040260
0.040275
0.040289
0.040304
0.022241
0.022490
0.022506
0.022521
0.022546
0.022561
0.022575
0.022589
0.022603
0.022616
0.022630
0.027992
0.028266
0.028288
0.028309
0.028328
0.028346
0.028364
0.028382
0.028400
0.028418
0.028436
0.027401
0.027660
0.027682
0.027701
0.027719
0.027737
0.027755
0.027773
0.027791
0.027814
0.027833
0.025256
0.025470
0.025487
0.025502
0.025516
0.025529
0.025542
0.025555
0.025568
0.025582
0.025595
0.022811
0.023027
0.023044
0.023060
0.023074
0.023088
0.023101
0.023114
0.023127
0.023140
0.023162
0.020669
0.020875
0.020901
0.020915
0.020928
0.020941
0.020956
0.020972
0.020985
0.020998
0.021011
0.020653
0.020865
0.020882
0.020896
0.020910
0.020923
0.020936
0.020950
0.020965
0.020982
0.020997
0.026587
0.026824
0.026845
0.026872
0.026891
0.026908
0.026926
0.026943
0.026961
0.026979
0.026997
0.052372
0.052583
0.052601
0.052627
0.052643
0.052658
0.052674
0.052691
0.052706
0.052722
0.052737
0.022707
0.022922
0.022950
0.022966
0.022981
0.022997
0.023012
0.023027
0.023044
0.023059
0.023072
0.021130
0.021352
0.021370
0.021384
0.021397
0.021413
0.021429
0.021446
0.021461
0.021477
0.021492
0.023988
0.024221
0.024250
0.024274
0.024298
0.024323
0.024348
0.024371
0.024395
0.024420
0.024443
0.020454
0.020672
0.020695
0.020716
0.020736
0.020760
0.020778
0.020799
0.020819
0.020838
0.020857
0.020435
0.020645
0.020663
0.020678
0.020692
0.020707
0.020726
0.020742
0.020758
0.020773
0.020789
0.020773
0.020982
0.021002
0.021018
0.021034
0.021049
0.021065
0.021080
0.021099
0.021113
0.021129
0.021410
0.021606
0.021622
0.021646
0.021660
0.021673
0.021687
0.021700
0.021713
0.021726
0.021739
0.020720
0.020934
0.020951
0.020965
0.020979
0.020992
0.021005
0.021018
0.021031
0.021044
0.021057
0.026919
0.027164
0.027184
0.027205
0.027223
0.027241
0.027258
