1.169615
0.027317
0.027549
0.027567
0.027581
0.027596
0.027609
0.027623
0.027636
0.027650
0.027664
0.027677
0.024947
0.025179
0.025197
0.025211
0.025225
0.025239
0.025252
0.025265
0.025277
0.025290
0.025303
0.024168
0.024392
0.024409
0.024424
0.024438
0.024451
0.024465
0.024478
0.024491
0.024504
0.024517
0.024431
0.024643
0.024670
0.024684
0.024698
0.024711
0.024724
0.024737
0.024750
0.024763
0.024776
0.023529
0.023751
0.023769
0.023783
0.023797
0.023824
0.023849
0.023872
0.023894
0.023916
0.023937
0.023435
0.023665
0.023683
0.023699
0.023712
0.023725
0.023738
0.023751
0.023764
0.023777
0.023791
0.023582
0.023803
0.023820
0.023834
0.023847
0.023860
0.023875
0.023889
0.023903
0.023916
0.023930
0.024219
0.024446
0.024463
0.024477
0.024490
0.024503
0.024516
0.024530
0.024543
0.024556
0.024568
0.024412
0.024635
0.024652
0.024666
0.024680
0.024693
0.024706
0.024720
0.024733
0.024746
0.024759
0.050679
0.050890
0.050916
0.050931
0.050944
0.050957
0.050970
0.050986
0.050998
0.051012
0.051025
0.025182
0.025417
0.025435
0.025449
0.025463
0.025477
0.025491
0.025504
0.025516
0.025529
0.025542
0.024109
0.024337
0.024354
0.024369
0.024382
0.024398
0.024411
0.024424
0.024437
0.024450
0.024463
0.025629
0.025858
0.025877
0.025892
0.025905
0.025918
0.025932
0.025945
0.025958
0.025971
0.025985
0.025606
0.025836
0.025853
0.025868
0.025881
0.025897
0.025910
0.025923
0.025936
0.025949
0.025962
0.024164
0.024380
0.024397
0.024420
0.024434
0.024446
0.024460
0.024473
0.024486
0.024499
0.024512
0.025199
0.025426
0.025444
0.025457
0.025471
0.025484
0.025497
0.025510
0.025525
0.025538
0.025552
0.024273
0.024500
0.024517
0.024531
0.024544
0.024558
0.024571
0.024583
0.024596
0.024609
0.024622
0.025349
0.025582
0.025600
0.025615
0.025628
0.025641
0.025655
0.025668
0.025681
0.025694
0.025707
0.024790
0.025095
0.025124
0.025164
0.025192
0.025219
0.025247
0.025275
0.025302
0.025318
0.025332
0.053786
0.054004
0.054030
0.054045
0.054058
0.054071
0.054085
0.054097
0.054110
0.054123
0.054137
0.025162
0.025391
0.025408
0.025422
0.025435
0.025448
0.025461
0.025474
0.025487
0.025500
0.025513
0.023274
0.023498
0.023519
0.023533
0.023547
0.023560
0.023573
0.023586
0.023599
0.023612
0.023625
0.026211
0.026440
0.026457
0.026470
0.026483
0.026496
0.026509
