1.752193
0.038365
0.038661
0.038699
0.038722
0.038743
0.038766
0.038781
0.038796
0.038811
0.038826
0.038840
0.023787
0.024055
0.024071
0.024084
0.024097
0.024123
0.024137
0.024150
0.024164
0.024179
0.024192
0.024996
0.025235
0.025251
0.025265
0.025279
0.025314
0.025342
0.025367
0.025391
0.025415
0.025440
0.021329
0.021557
0.021573
0.021586
0.021599
0.021613
0.021630
0.021644
0.021657
0.021670
0.021683
0.021218
0.021432
0.021449
0.021464
0.021478
0.021491
0.021504
0.021517
0.021530
0.021543
0.021557
0.020995
0.021204
0.021221
0.021236
0.021250
0.021264
0.021277
0.021290
0.021303
0.021316
0.021346
0.021225
0.021438
0.021456
0.021469
0.021483
0.021496
0.021511
0.021524
0.021538
0.021551
0.021564
0.021339
0.021554
0.021571
0.021586
0.021599
0.021612
0.021625
0.021638
0.021651
0.021664
0.021678
0.020521
0.020731
0.020748
0.020762
0.020775
0.020787
0.020798
0.020810
0.020822
0.020833
0.020846
0.043638
0.043849
0.043865
0.043879
0.043892
0.043905
0.043919
0.043934
0.043947
0.043960
0.043977
0.023933
0.024144
0.024176
0.024191
0.024205
0.024218
0.024231
0.024244
0.024257
0.024271
0.024284
0.023066
0.023282
0.023298
0.023312
0.023325
0.023340
0.023353
0.023367
0.023380
0.023392
0.023406
0.019888
0.020097
0.020114
0.020128
0.020142
0.020155
0.020169
0.020182
0.020195
0.020209
0.020222
0.020087
0.020298
0.020315
0.020329
0.020342
0.020357
0.020370
0.020383
0.020396
0.020409
0.020422
0.020954
0.021164
0.021180
0.021195
0.021209
0.021223
0.021235
0.021249
0.021261
0.021275
0.021287
0.020638
0.020848
0.020865
0.020880
0.020892
0.020906
0.020919
0.020932
0.020947
0.020961
0.020973
0.019937
0.020144
0.020161
0.020175
0.020189
0.020202
0.020215
0.020228
0.020241
0.020253
0.020266
0.020581
0.020788
0.020805
0.020818
0.020832
0.020845
0.020858
0.020871
0.020884
0.020897
0.020910
0.020442
0.020645
0.020662
0.020678
0.020692
0.020705
0.020719
0.020731
0.020744
0.020758
0.020771
0.043364
0.043566
0.043583
0.043596
0.043610
0.043623
0.043636
0.043649
0.043662
0.043675
0.043688
0.020277
0.020485
0.020503
0.020517
0.020531
0.020544
0.020557
0.020570
0.020583
0.020596
0.020608
0.020426
0.020629
0.020648
0.020662
0.020675
0.020688
0.020702
0.020715
0.020728
0.020741
0.020753
0.020080
0.020287
0.020305
0.020319
0.020332
0.020345
0.020358
0.020371
0.020384
0.020397
0.020410
0.019878
0.020079
0.020096
0.020110
0.020125
0.020139
0.020152
0.020165
0.020179
0.020192
0.020205
0.020321
0.020533
0.020550
0.020564
0.020578
0.020594
0.020607
0.020620
0.020633
0.020647
0.020660
0.023136
0.023353
0.023370
0.023385
0.023399
0.023412
0.023426
0.023439
0.023452
0.023465
0.023478
0.020667
0.020885
0.020903
0.020916
0.020930
0.020943
0.020957
0.020969
0.020982
0.020996
0.021009
0.020733
