1.471100
0.037642
0.037870
0.037900
0.037918
0.037937
0.037955
0.037973
0.037991
0.038009
0.038027
0.038045
0.030999
0.031233
0.031254
0.031273
0.031292
0.031310
0.031328
0.031346
0.031363
0.031381
0.031398
0.031925
0.032139
0.032160
0.032179
0.032197
0.032215
0.032232
0.032250
0.032268
0.032285
0.032303
0.033377
0.033605
0.033636
0.033655
0.033673
0.033691
0.033709
0.033727
0.033745
0.033762
0.033779
0.026283
0.026474
0.026503
0.026517
0.026531
0.026544
0.026557
0.026571
0.026584
0.026597
0.026610
0.026753
0.027009
0.027034
0.027054
0.027073
0.027091
0.027109
0.027128
0.027146
0.027165
0.027183
0.029691
0.029912
0.029933
0.029952
0.029970
0.029988
0.030008
0.030026
0.030044
0.030061
0.030080
0.031454
0.031673
0.031695
0.031713
0.031732
0.031750
0.031767
0.031785
0.031802
0.031820
0.031838
0.031449
0.031680
0.031703
0.031721
0.031739
0.031756
0.031774
0.031791
0.031809
0.031827
0.031844
0.064783
0.065065
0.065110
0.065152
0.065192
0.065232
0.065278
0.065320
0.065359
0.065399
0.065438
0.027335
0.027547
0.027580
0.027606
0.027632
0.027657
0.027681
0.027706
0.027730
0.027755
0.027779
0.027612
0.027824
0.027865
0.027889
0.027914
0.027942
0.027966
0.027990
0.028014
0.028039
0.028063
0.035849
0.036082
0.036114
0.036136
0.036155
0.036175
0.036195
0.036216
0.036237
0.036258
0.036278
0.036948
0.037177
0.037199
0.037218
0.037236
0.037257
0.037276
0.037295
0.037313
0.037331
0.037349
0.038424
0.038647
0.038671
0.038692
0.038720
0.038740
0.038760
0.038780
0.038799
0.038818
0.038837
0.038234
0.038475
0.038501
0.038522
0.038542
0.038563
0.038583
0.038602
0.038624
0.038644
0.038663
0.037496
0.037773
0.037812
0.037840
0.037871
0.037891
0.037910
0.037929
0.037948
0.037967
0.037986
0.035162
0.035381
0.035401
0.035428
0.035446
0.035464
0.035484
0.035503
0.035521
0.035543
0.035561
0.033792
0.034015
0.034036
0.034059
0.034076
0.034094
0.034111
0.034129
0.034146
0.034165
0.034184
0.059498
0.059726
0.059748
0.059767
0.059785
0.059803
0.059821
0.059839
0.059857
0.059876
0.059895
0.032350
0.032582
0.032604
0.032622
0.032640
0.032657
0.032675
0.032693
0.032711
0.032728
0.032746
0.032465
0.032686
0.032729
0.032755
0.032776
0.032799
0.032820
0.032842
0.032864
0.032885
0.032907
0.034187
0.034403
0.034424
0.034451
0.034469
0.034487
0.034504
0.034522
0.034539
0.034557
0.034574
0.032274
0.032508
0.032528
0.032555
0.032574
0.032593
0.032610
0.032628
0.032645
0.032663
0.032680
0.025686
0.025891
0.025920
0.025943
0.025968
0.025995
0.026019
0.026043
0.026067
0.026091
0.026114
0.025234
0.025453
0.025486
0.025511
0.025536
0.025561
0.025585
0.025609
0.025632
0.025656
0.025680
0.030787
0.031023
0.031056
0.031076
0.031096
0.031116
0.031137
0.031158
0.031178
0.031199
0.031220
0.037204
0.037503
0.037531
0.037553
0.037571
0.037599
0.037618
0.037637
0.037661
0.037686
0.037709
0.032414
0.032614
0.032634
0.032650
0.032666
0.032681
0.032697
0.032712
0.032728
0.032743
0.032759
0.052122
0.052326
0.052347
0.052364
0.052380
0.052397
0.052413
0.052428
0.052444
0.052460
0.052476
0.025395
0.025604
0.025624
0.025641
0.025657
0.025673
0.025689
0.025705
0.025721
0.025737
0.025753
0.026098
0.026304
0.026324
0.026342
0.026359
0.026375
0.026391
0.026408
0.026423
0.026439
0.026456
0.024858
0.025054
0.025076
0.025102
0.025118
0.025134
0.025150
